0.000000 0.143145 0.007310
0.010000 0.143287 0.007198
0.020000 0.141698 0.007193
0.030000 0.139368 0.007296
0.040000 0.137814 0.007418
0.050000 0.136080 0.007589
0.060000 0.134614 0.007822
0.070000 0.132904 0.007486
0.080000 0.131605 0.007981
0.090000 0.130259 0.007771
0.100000 0.129074 0.007668
0.110000 0.128050 0.007884
0.120000 0.126954 0.007826
0.130000 0.125580 0.007651
0.140000 0.124489 0.007897
0.150000 0.123971 0.007555
0.160000 0.122768 0.007495
0.170000 0.122070 0.007680
0.180000 0.120877 0.007587
0.190000 0.120018 0.007679
0.200000 0.119053 0.007442
0.210000 0.118314 0.007435
0.220000 0.117607 0.007617
0.230000 0.116469 0.007319
0.240000 0.116029 0.007341
0.250000 0.115355 0.007327
0.260000 0.114752 0.007476
0.270000 0.113804 0.007791
0.280000 0.113281 0.007600
0.290000 0.112954 0.007717
0.300000 0.111824 0.007637
0.310000 0.111331 0.007680
0.320000 0.111209 0.007347
0.330000 0.110037 0.007698
0.340000 0.109430 0.007241
0.350000 0.108899 0.007533
0.360000 0.108570 0.007736
0.370000 0.107726 0.007383
0.380000 0.107417 0.007712
0.390000 0.106526 0.007291
0.400000 0.106095 0.007306
0.410000 0.105767 0.007354
0.420000 0.105196 0.007269
0.430000 0.104228 0.007271
0.440000 0.104389 0.007494
0.450000 0.103256 0.007236
0.460000 0.103104 0.007300
0.470000 0.102765 0.007457
0.480000 0.102269 0.007138
0.490000 0.101407 0.007525
0.500000 0.101193 0.007430
0.510000 0.100525 0.007138
0.520000 0.100151 0.007331
0.530000 0.099838 0.007330
0.540000 0.099324 0.007300
0.550000 0.098838 0.007289
0.560000 0.098589 0.007390
0.570000 0.097713 0.007093
0.580000 0.097793 0.006788
0.590000 0.097408 0.007189
0.600000 0.096954 0.007089
0.610000 0.096456 0.007298
0.620000 0.096008 0.007187
0.630000 0.095511 0.007015
0.640000 0.095362 0.007081
0.650000 0.094643 0.007166
0.660000 0.094689 0.007486
0.670000 0.094348 0.007245
0.680000 0.093468 0.007121
0.690000 0.093459 0.006805
0.700000 0.093038 0.006785
0.710000 0.092529 0.007248
0.720000 0.092183 0.006962
0.730000 0.092028 0.006942
0.740000 0.091825 0.007302
0.750000 0.090426 0.007069
0.760000 0.087703 0.007112
0.770000 0.085713 0.006733
0.780000 0.083572 0.006656
0.790000 0.081637 0.006891
0.800000 0.079400 0.006795
0.810000 0.077377 0.006928
0.820000 0.075113 0.006573
0.830000 0.072717 0.006364
0.840000 0.070694 0.006242
0.850000 0.068777 0.006408
0.860000 0.066866 0.006322
0.870000 0.064917 0.006142
0.880000 0.062718 0.006035
0.890000 0.061062 0.005821
0.900000 0.059067 0.005692
0.910000 0.057005 0.005876
0.920000 0.054916 0.005665
0.930000 0.053232 0.005666
0.940000 0.051043 0.005506
0.950000 0.049079 0.005398
0.960000 0.046962 0.005568
0.970000 0.045423 0.005499
0.980000 0.043578 0.005226
0.990000 0.041797 0.005288
1.000000 0.040290 0.005304
