0.000000 0.870265 0.026903
0.010000 0.870785 0.024825
0.020000 0.864724 0.025494
0.030000 0.855747 0.024636
0.040000 0.849814 0.025697
0.050000 0.843122 0.025147
0.060000 0.837434 0.024515
0.070000 0.830928 0.024109
0.080000 0.825841 0.023799
0.090000 0.820713 0.023439
0.100000 0.816219 0.024040
0.110000 0.812238 0.023762
0.120000 0.808031 0.023297
0.130000 0.802801 0.023143
0.140000 0.798592 0.023694
0.150000 0.796665 0.023491
0.160000 0.792054 0.023064
0.170000 0.789334 0.022994
0.180000 0.784782 0.022856
0.190000 0.781489 0.023333
0.200000 0.777864 0.023583
0.210000 0.774999 0.022991
0.220000 0.772247 0.022729
0.230000 0.767969 0.023338
0.240000 0.766269 0.023070
0.250000 0.763679 0.022948
0.260000 0.761329 0.022637
0.270000 0.757646 0.023227
0.280000 0.755668 0.022717
0.290000 0.754391 0.022901
0.300000 0.750079 0.022817
0.310000 0.748138 0.021827
0.320000 0.747764 0.022373
0.330000 0.743262 0.023692
0.340000 0.740984 0.022675
0.350000 0.738930 0.023521
0.360000 0.737611 0.023315
0.370000 0.734419 0.022479
0.380000 0.733197 0.023211
0.390000 0.729820 0.022182
0.400000 0.728186 0.022390
0.410000 0.726918 0.022479
0.420000 0.724774 0.022893
0.430000 0.721011 0.021823
0.440000 0.721559 0.021314
0.450000 0.717325 0.022540
0.460000 0.716691 0.021609
0.470000 0.715409 0.023024
0.480000 0.713562 0.022403
0.490000 0.710190 0.022762
0.500000 0.709378 0.022421
0.510000 0.706869 0.022276
0.520000 0.705395 0.022282
0.530000 0.704215 0.022581
0.540000 0.702277 0.022932
0.550000 0.700396 0.022631
0.560000 0.699405 0.022381
0.570000 0.696082 0.021638
0.580000 0.696484 0.022353
0.590000 0.694928 0.022289
0.600000 0.693186 0.021795
0.610000 0.691245 0.022357
0.620000 0.689549 0.022059
0.630000 0.687700 0.022509
0.640000 0.687117 0.022523
0.650000 0.684327 0.022166
0.660000 0.684439 0.022565
0.670000 0.683185 0.022336
0.680000 0.679826 0.021857
0.690000 0.679833 0.021425
0.700000 0.678195 0.020765
0.710000 0.676219 0.022394
0.720000 0.674906 0.021329
0.730000 0.674357 0.021988
0.740000 0.673464 0.021654
0.750000 0.668174 0.021967
0.760000 0.657750 0.022225
0.770000 0.650166 0.021179
0.780000 0.642000 0.021847
0.790000 0.634523 0.021684
0.800000 0.625977 0.021785
0.810000 0.618201 0.021917
0.820000 0.609638 0.022187
0.830000 0.600472 0.021523
0.840000 0.592707 0.020622
0.850000 0.585320 0.020710
0.860000 0.578071 0.021423
0.870000 0.570637 0.021311
0.880000 0.562170 0.020166
0.890000 0.555871 0.019990
0.900000 0.548273 0.020106
0.910000 0.540269 0.019457
0.920000 0.532349 0.019867
0.930000 0.525871 0.019336
0.940000 0.517450 0.018203
0.950000 0.510000 0.018704
0.960000 0.501861 0.019101
0.970000 0.495979 0.019014
0.980000 0.488964 0.018544
0.990000 0.482084 0.018124
1.000000 0.476338 0.018600
