0.000000 0.561879 0.013735
0.010000 0.554310 0.009712
0.020000 0.554087 0.009979
0.030000 0.553398 0.009395
0.040000 0.553921 0.009855
0.050000 0.553371 0.009896
0.060000 0.552952 0.009488
0.070000 0.552294 0.009287
0.080000 0.552330 0.009753
0.090000 0.552466 0.009532
0.100000 0.551140 0.019872
0.110000 0.550646 0.026554
0.120000 0.551804 0.010086
0.130000 0.551147 0.009585
0.140000 0.551162 0.009763
0.150000 0.551468 0.009606
0.160000 0.550516 0.010100
0.170000 0.550223 0.009940
0.180000 0.549903 0.019816
0.190000 0.547245 0.039999
0.200000 0.546288 0.043586
0.210000 0.545052 0.049818
0.220000 0.541053 0.069738
0.230000 0.546683 0.035938
0.240000 0.539584 0.071675
0.250000 0.538593 0.075569
0.260000 0.539635 0.071612
0.270000 0.532778 0.090928
0.280000 0.533377 0.089350
0.290000 0.528819 0.101136
0.300000 0.532434 0.092516
0.310000 0.527037 0.103767
0.320000 0.524621 0.110245
0.330000 0.529983 0.095264
0.340000 0.524811 0.110301
0.350000 0.522962 0.112589
0.360000 0.522856 0.113868
0.370000 0.519941 0.118412
0.380000 0.521107 0.116110
0.390000 0.520628 0.117293
0.400000 0.517224 0.123960
0.410000 0.514023 0.129041
0.420000 0.514838 0.126931
0.430000 0.511062 0.132844
0.440000 0.518591 0.120614
0.450000 0.513510 0.127753
0.460000 0.520925 0.113480
0.470000 0.517063 0.122701
0.480000 0.514440 0.126835
0.490000 0.514714 0.125688
0.500000 0.515827 0.122402
0.510000 0.513916 0.126691
0.520000 0.509885 0.133659
0.530000 0.512713 0.128733
0.540000 0.513658 0.125466
0.550000 0.512067 0.127416
0.560000 0.510431 0.129293
0.570000 0.510410 0.128150
0.580000 0.503071 0.140438
0.590000 0.512822 0.121671
0.600000 0.507717 0.130853
0.610000 0.506571 0.130558
0.620000 0.513874 0.115761
0.630000 0.500620 0.138714
0.640000 0.508966 0.123081
0.650000 0.507603 0.123974
0.660000 0.510973 0.116362
0.670000 0.499329 0.136247
0.680000 0.502007 0.131607
0.690000 0.504758 0.124434
0.700000 0.505106 0.123376
0.710000 0.502307 0.126119
0.720000 0.495101 0.138228
0.730000 0.499750 0.127721
0.740000 0.508982 0.109591
0.750000 0.500970 0.124662
0.760000 0.497586 0.129347
0.770000 0.499426 0.124254
0.780000 0.496928 0.128123
0.790000 0.499163 0.123081
0.800000 0.498394 0.122876
0.810000 0.494322 0.128531
0.820000 0.498396 0.119464
0.830000 0.493232 0.128251
0.840000 0.496765 0.121399
0.850000 0.494561 0.124227
0.860000 0.494542 0.120866
0.870000 0.502022 0.105619
0.880000 0.498466 0.112350
0.890000 0.497848 0.112228
0.900000 0.494448 0.117383
0.910000 0.489077 0.126162
0.920000 0.488755 0.124961
0.930000 0.489429 0.121866
0.940000 0.486340 0.127602
0.950000 0.485012 0.127219
0.960000 0.486637 0.123383
0.970000 0.491445 0.112019
0.980000 0.484044 0.124843
0.990000 0.489966 0.111693
1.000000 0.482194 0.125450
