0.000000 0.908000 0.071666
0.010000 0.894140 0.086889
0.020000 0.886950 0.089769
0.030000 0.882740 0.088363
0.040000 0.883070 0.087403
0.050000 0.878750 0.088801
0.060000 0.879760 0.086578
0.070000 0.880620 0.089036
0.080000 0.883430 0.087206
0.090000 0.873540 0.087622
0.100000 0.871870 0.089505
0.110000 0.879820 0.091178
0.120000 0.873520 0.091740
0.130000 0.873300 0.087436
0.140000 0.874250 0.091421
0.150000 0.873480 0.092124
0.160000 0.870720 0.089665
0.170000 0.870830 0.090360
0.180000 0.868270 0.084310
0.190000 0.867400 0.090967
0.200000 0.867200 0.089589
0.210000 0.866520 0.088138
0.220000 0.866880 0.090302
0.230000 0.863550 0.086769
0.240000 0.862050 0.090476
0.250000 0.862560 0.090951
0.260000 0.866880 0.087459
0.270000 0.865190 0.091194
0.280000 0.860300 0.088725
0.290000 0.861700 0.087326
0.300000 0.861410 0.089600
0.310000 0.857110 0.091392
0.320000 0.861670 0.087740
0.330000 0.860200 0.089518
0.340000 0.861210 0.086485
0.350000 0.860590 0.093145
0.360000 0.861330 0.087345
0.370000 0.855240 0.090610
0.380000 0.859450 0.092040
0.390000 0.855370 0.086983
0.400000 0.851450 0.085014
0.410000 0.856390 0.089760
0.420000 0.854520 0.087589
0.430000 0.854230 0.087273
0.440000 0.855710 0.089136
0.450000 0.845530 0.086723
0.460000 0.844790 0.085584
0.470000 0.847900 0.089301
0.480000 0.854470 0.085355
0.490000 0.850600 0.086308
0.500000 0.847870 0.085881
0.510000 0.844980 0.089694
0.520000 0.848350 0.084963
0.530000 0.845890 0.084394
0.540000 0.843900 0.084703
0.550000 0.841920 0.087189
0.560000 0.845760 0.089629
0.570000 0.839300 0.088788
0.580000 0.837090 0.088376
0.590000 0.818290 0.086162
0.600000 0.813390 0.087803
0.610000 0.802420 0.088159
0.620000 0.795780 0.082724
0.630000 0.786210 0.082380
0.640000 0.767420 0.083594
0.650000 0.761800 0.082294
0.660000 0.754750 0.084547
0.670000 0.745480 0.084696
0.680000 0.736380 0.082251
0.690000 0.725340 0.080230
0.700000 0.711550 0.079231
0.710000 0.704560 0.080441
0.720000 0.702890 0.079034
0.730000 0.691040 0.078133
0.740000 0.682820 0.076368
0.750000 0.675230 0.077929
0.760000 0.664030 0.074948
0.770000 0.656660 0.078602
0.780000 0.652340 0.076664
0.790000 0.643390 0.074204
0.800000 0.634820 0.074709
0.810000 0.622510 0.073219
0.820000 0.618740 0.073689
0.830000 0.611690 0.072709
0.840000 0.604240 0.071141
0.850000 0.600970 0.068814
0.860000 0.587030 0.071072
0.870000 0.577860 0.071688
0.880000 0.571890 0.068966
0.890000 0.561310 0.071745
0.900000 0.558180 0.070590
0.910000 0.546480 0.069091
0.920000 0.538560 0.070221
0.930000 0.531150 0.068059
0.940000 0.518340 0.066724
0.950000 0.515040 0.068310
0.960000 0.499850 0.066550
0.970000 0.498810 0.065554
0.980000 0.492300 0.065854
0.990000 0.482630 0.065298
1.000000 0.476170 0.066413
