0.000000 0.087031 0.002700
0.010000 0.087078 0.002483
0.020000 0.086472 0.002549
0.030000 0.085574 0.002463
0.040000 0.084981 0.002570
0.050000 0.084312 0.002515
0.060000 0.083743 0.002452
0.070000 0.083093 0.002411
0.080000 0.082584 0.002380
0.090000 0.082071 0.002344
0.100000 0.081622 0.002404
0.110000 0.081224 0.002375
0.120000 0.080803 0.002329
0.130000 0.080280 0.002315
0.140000 0.079859 0.002369
0.150000 0.079666 0.002350
0.160000 0.079205 0.002306
0.170000 0.078934 0.002299
0.180000 0.078478 0.002286
0.190000 0.078148 0.002333
0.200000 0.077785 0.002359
0.210000 0.077500 0.002299
0.220000 0.077223 0.002273
0.230000 0.076796 0.002334
0.240000 0.076626 0.002307
0.250000 0.076368 0.002294
0.260000 0.076133 0.002263
0.270000 0.075765 0.002323
0.280000 0.075567 0.002273
0.290000 0.075439 0.002290
0.300000 0.075008 0.002282
0.310000 0.074813 0.002183
0.320000 0.074776 0.002237
0.330000 0.074326 0.002369
0.340000 0.074098 0.002268
0.350000 0.073893 0.002352
0.360000 0.073761 0.002332
0.370000 0.073442 0.002247
0.380000 0.073319 0.002321
0.390000 0.072982 0.002219
0.400000 0.072818 0.002239
0.410000 0.072691 0.002248
0.420000 0.072477 0.002289
0.430000 0.072101 0.002182
0.440000 0.072155 0.002131
0.450000 0.071732 0.002253
0.460000 0.071669 0.002161
0.470000 0.071541 0.002302
0.480000 0.071356 0.002241
0.490000 0.071019 0.002277
0.500000 0.070937 0.002242
0.510000 0.070687 0.002228
0.520000 0.070539 0.002228
0.530000 0.070421 0.002258
0.540000 0.070227 0.002293
0.550000 0.070039 0.002263
0.560000 0.069940 0.002239
0.570000 0.069608 0.002164
0.580000 0.069648 0.002235
0.590000 0.069492 0.002229
0.600000 0.069318 0.002180
0.610000 0.069125 0.002235
0.620000 0.068955 0.002206
0.630000 0.068770 0.002251
0.640000 0.068711 0.002252
0.650000 0.068432 0.002216
0.660000 0.068443 0.002257
0.670000 0.068318 0.002233
0.680000 0.067982 0.002186
0.690000 0.067983 0.002143
0.700000 0.067819 0.002076
0.710000 0.067621 0.002239
0.720000 0.067490 0.002133
0.730000 0.067435 0.002199
0.740000 0.067346 0.002165
0.750000 0.066817 0.002197
0.760000 0.065775 0.002223
0.770000 0.065016 0.002118
0.780000 0.064200 0.002184
0.790000 0.063452 0.002168
0.800000 0.062598 0.002179
0.810000 0.061820 0.002192
0.820000 0.060965 0.002219
0.830000 0.060047 0.002153
0.840000 0.059270 0.002062
0.850000 0.058532 0.002071
0.860000 0.057807 0.002142
0.870000 0.057064 0.002131
0.880000 0.056217 0.002016
0.890000 0.055587 0.001998
0.900000 0.054827 0.002011
0.910000 0.054027 0.001946
0.920000 0.053236 0.001987
0.930000 0.052587 0.001934
0.940000 0.051745 0.001821
0.950000 0.051000 0.001870
0.960000 0.050186 0.001911
0.970000 0.049598 0.001901
0.980000 0.048896 0.001854
0.990000 0.048208 0.001813
1.000000 0.047634 0.001860
