0.000000 0.134647 0.010155
0.010000 0.132611 0.012728
0.020000 0.131541 0.013115
0.030000 0.130921 0.012959
0.040000 0.130969 0.012797
0.050000 0.130329 0.013015
0.060000 0.130478 0.012678
0.070000 0.130606 0.013047
0.080000 0.131015 0.012699
0.090000 0.129554 0.012831
0.100000 0.129309 0.013122
0.110000 0.130487 0.013363
0.120000 0.129546 0.013396
0.130000 0.129518 0.012792
0.140000 0.129660 0.013389
0.150000 0.129544 0.013487
0.160000 0.129138 0.013148
0.170000 0.129153 0.013248
0.180000 0.128774 0.012346
0.190000 0.128650 0.013387
0.200000 0.128615 0.013133
0.210000 0.128515 0.012919
0.220000 0.128564 0.013197
0.230000 0.128070 0.012667
0.240000 0.127854 0.013286
0.250000 0.127929 0.013359
0.260000 0.128567 0.012807
0.270000 0.128318 0.013389
0.280000 0.127587 0.012959
0.290000 0.127799 0.012791
0.300000 0.127760 0.013176
0.310000 0.127119 0.013415
0.320000 0.127796 0.012865
0.330000 0.127579 0.013133
0.340000 0.127732 0.012730
0.350000 0.127630 0.013633
0.360000 0.127745 0.012793
0.370000 0.126837 0.013254
0.380000 0.127464 0.013482
0.390000 0.126866 0.012795
0.400000 0.126277 0.012429
0.410000 0.127011 0.013152
0.420000 0.126736 0.012846
0.430000 0.126695 0.012817
0.440000 0.126921 0.013165
0.450000 0.125407 0.012773
0.460000 0.125300 0.012632
0.470000 0.125757 0.013131
0.480000 0.126729 0.012514
0.490000 0.126156 0.012678
0.500000 0.125749 0.012591
0.510000 0.125315 0.013112
0.520000 0.125823 0.012478
0.530000 0.125459 0.012397
0.540000 0.125165 0.012466
0.550000 0.124873 0.012849
0.560000 0.125437 0.013162
0.570000 0.124494 0.013191
0.580000 0.124150 0.012963
0.590000 0.121372 0.012743
0.600000 0.120642 0.012950
0.610000 0.119024 0.013087
0.620000 0.118034 0.012234
0.630000 0.116612 0.012160
0.640000 0.113823 0.012326
0.650000 0.112985 0.012101
0.660000 0.111936 0.012404
0.670000 0.110559 0.012406
0.680000 0.109216 0.012100
0.690000 0.107574 0.011765
0.700000 0.105535 0.011680
0.710000 0.104509 0.011939
0.720000 0.104259 0.011723
0.730000 0.102502 0.011589
0.740000 0.101281 0.011323
0.750000 0.100153 0.011538
0.760000 0.098490 0.011083
0.770000 0.097392 0.011578
0.780000 0.096747 0.011257
0.790000 0.095423 0.010922
0.800000 0.094149 0.010973
0.810000 0.092325 0.010770
0.820000 0.091763 0.010807
0.830000 0.090716 0.010650
0.840000 0.089604 0.010357
0.850000 0.089133 0.010128
0.860000 0.087060 0.010432
0.870000 0.085696 0.010504
0.880000 0.084812 0.010104
0.890000 0.083234 0.010456
0.900000 0.082772 0.010303
0.910000 0.081038 0.010081
0.920000 0.079861 0.010255
0.930000 0.078765 0.009943
0.940000 0.076868 0.009760
0.950000 0.076377 0.009993
0.960000 0.074125 0.009738
0.970000 0.073966 0.009562
0.980000 0.073002 0.009613
0.990000 0.071567 0.009536
1.000000 0.070601 0.009653
