0.000000 0.705200 0.001597
0.010000 0.705023 0.001593
0.020000 0.704516 0.001600
0.030000 0.703669 0.001622
0.040000 0.702518 0.001627
0.050000 0.701116 0.001648
0.060000 0.699366 0.001656
0.070000 0.697437 0.001674
0.080000 0.695217 0.001724
0.090000 0.692825 0.001805
0.100000 0.690169 0.001750
0.110000 0.687362 0.001865
0.120000 0.684468 0.001802
0.130000 0.681283 0.001859
0.140000 0.678026 0.001798
0.150000 0.674591 0.001910
0.160000 0.671083 0.001951
0.170000 0.667537 0.001923
0.180000 0.663906 0.002040
0.190000 0.660239 0.001984
0.200000 0.656471 0.002032
0.210000 0.652735 0.002103
0.220000 0.648844 0.002148
0.230000 0.645206 0.002156
0.240000 0.641522 0.002105
0.250000 0.637825 0.002196
0.260000 0.634115 0.002170
0.270000 0.630656 0.002206
0.280000 0.627262 0.002271
0.290000 0.623973 0.002320
0.300000 0.620634 0.002276
0.310000 0.617573 0.002353
0.320000 0.614564 0.002275
0.330000 0.611445 0.002449
0.340000 0.608572 0.002343
0.350000 0.605782 0.002376
0.360000 0.603175 0.002403
0.370000 0.600525 0.002425
0.380000 0.597927 0.002435
0.390000 0.595430 0.002415
0.400000 0.593031 0.002454
0.410000 0.590667 0.002550
0.420000 0.588477 0.002383
0.430000 0.586166 0.002501
0.440000 0.584010 0.002457
0.450000 0.581921 0.002453
0.460000 0.579889 0.002473
0.470000 0.577857 0.002521
0.480000 0.575840 0.002531
0.490000 0.573913 0.002486
0.500000 0.571940 0.002484
0.510000 0.569962 0.002502
0.520000 0.568631 0.002511
0.530000 0.566635 0.002665
0.540000 0.565143 0.002510
0.550000 0.563518 0.002542
0.560000 0.561966 0.002548
0.570000 0.560442 0.002586
0.580000 0.559112 0.002532
0.590000 0.557688 0.002588
0.600000 0.556488 0.002643
0.610000 0.555277 0.002641
0.620000 0.554052 0.002579
0.630000 0.552754 0.002624
0.640000 0.551768 0.002714
0.650000 0.550592 0.002725
0.660000 0.549624 0.002663
0.670000 0.548430 0.002619
0.680000 0.547366 0.002686
0.690000 0.546466 0.002565
0.700000 0.545422 0.002837
0.710000 0.544673 0.002655
0.720000 0.543712 0.002684
0.730000 0.542894 0.002692
0.740000 0.542077 0.002653
0.750000 0.541000 0.002641
0.760000 0.540328 0.002616
0.770000 0.539638 0.002656
0.780000 0.538877 0.002635
0.790000 0.538146 0.002659
0.800000 0.537387 0.002631
0.810000 0.536523 0.002618
0.820000 0.535846 0.002662
0.830000 0.535174 0.002738
0.840000 0.534546 0.002722
0.850000 0.533828 0.002702
0.860000 0.533202 0.002651
0.870000 0.532507 0.002657
0.880000 0.532135 0.002628
0.890000 0.531374 0.002751
0.900000 0.530909 0.002625
0.910000 0.530104 0.002677
0.920000 0.529466 0.002706
0.930000 0.529027 0.002770
0.940000 0.528246 0.002629
0.950000 0.527767 0.002717
0.960000 0.527304 0.002685
0.970000 0.526493 0.002742
0.980000 0.525956 0.002580
0.990000 0.525533 0.002717
1.000000 0.525046 0.002672
