0.000000 0.072716 0.005467
0.010000 0.071617 0.006870
0.020000 0.071039 0.007077
0.030000 0.070704 0.006995
0.040000 0.070730 0.006907
0.050000 0.070384 0.007025
0.060000 0.070465 0.006842
0.070000 0.070534 0.007042
0.080000 0.070754 0.006851
0.090000 0.069966 0.006925
0.100000 0.069834 0.007082
0.110000 0.070470 0.007212
0.120000 0.069961 0.007228
0.130000 0.069947 0.006903
0.140000 0.070023 0.007226
0.150000 0.069961 0.007279
0.160000 0.069741 0.007096
0.170000 0.069749 0.007150
0.180000 0.069545 0.006663
0.190000 0.069478 0.007228
0.200000 0.069459 0.007088
0.210000 0.069405 0.006973
0.220000 0.069431 0.007121
0.230000 0.069164 0.006834
0.240000 0.069048 0.007172
0.250000 0.069088 0.007211
0.260000 0.069433 0.006912
0.270000 0.069298 0.007227
0.280000 0.068903 0.006992
0.290000 0.069018 0.006903
0.300000 0.068997 0.007113
0.310000 0.068651 0.007241
0.320000 0.069016 0.006944
0.330000 0.068899 0.007089
0.340000 0.068982 0.006873
0.350000 0.068927 0.007357
0.360000 0.068989 0.006905
0.370000 0.068498 0.007152
0.380000 0.068837 0.007276
0.390000 0.068514 0.006908
0.400000 0.068196 0.006707
0.410000 0.068592 0.007098
0.420000 0.068444 0.006934
0.430000 0.068422 0.006919
0.440000 0.068544 0.007110
0.450000 0.067726 0.006897
0.460000 0.067669 0.006822
0.470000 0.067915 0.007089
0.480000 0.068440 0.006755
0.490000 0.068131 0.006844
0.500000 0.067911 0.006796
0.510000 0.067677 0.007075
0.520000 0.067951 0.006736
0.530000 0.067754 0.006693
0.540000 0.067596 0.006731
0.550000 0.067438 0.006938
0.560000 0.067743 0.007105
0.570000 0.067234 0.007127
0.580000 0.067047 0.006997
0.590000 0.065547 0.006882
0.600000 0.065153 0.006993
0.610000 0.064280 0.007071
0.620000 0.063745 0.006608
0.630000 0.062977 0.006567
0.640000 0.061470 0.006656
0.650000 0.061018 0.006533
0.660000 0.060451 0.006695
0.670000 0.059708 0.006695
0.680000 0.058982 0.006532
0.690000 0.058096 0.006350
0.700000 0.056995 0.006307
0.710000 0.056441 0.006450
0.720000 0.056306 0.006333
0.730000 0.055357 0.006260
0.740000 0.054697 0.006117
0.750000 0.054088 0.006232
0.760000 0.053190 0.005986
0.770000 0.052597 0.006251
0.780000 0.052248 0.006076
0.790000 0.051533 0.005896
0.800000 0.050845 0.005923
0.810000 0.049860 0.005814
0.820000 0.049557 0.005833
0.830000 0.048991 0.005747
0.840000 0.048390 0.005587
0.850000 0.048136 0.005468
0.860000 0.047017 0.005630
0.870000 0.046280 0.005668
0.880000 0.045802 0.005452
0.890000 0.044950 0.005640
0.900000 0.044701 0.005558
0.910000 0.043764 0.005438
0.920000 0.043129 0.005532
0.930000 0.042537 0.005364
0.940000 0.041512 0.005266
0.950000 0.041247 0.005392
0.960000 0.040031 0.005254
0.970000 0.039945 0.005158
0.980000 0.039424 0.005186
0.990000 0.038649 0.005144
1.000000 0.038127 0.005206
