0.000000 0.068031 0.001037
0.010000 0.067866 0.000987
0.020000 0.067666 0.000964
0.030000 0.067378 0.000941
0.040000 0.067041 0.000957
0.050000 0.066624 0.000948
0.060000 0.066172 0.000929
0.070000 0.065661 0.000929
0.080000 0.065152 0.000937
0.090000 0.064587 0.000929
0.100000 0.063997 0.000916
0.110000 0.063446 0.000923
0.120000 0.062855 0.000908
0.130000 0.062219 0.000868
0.140000 0.061606 0.000878
0.150000 0.061017 0.000897
0.160000 0.060379 0.000902
0.170000 0.059798 0.000877
0.180000 0.059162 0.000856
0.190000 0.058574 0.000877
0.200000 0.057968 0.000890
0.210000 0.057382 0.000877
0.220000 0.056806 0.000866
0.230000 0.056241 0.000866
0.240000 0.055707 0.000868
0.250000 0.055193 0.000871
0.260000 0.054678 0.000843
0.270000 0.054179 0.000843
0.280000 0.053708 0.000837
0.290000 0.053270 0.000821
0.300000 0.052791 0.000808
0.310000 0.052382 0.000828
0.320000 0.052023 0.000804
0.330000 0.051567 0.000844
0.340000 0.051209 0.000820
0.350000 0.050831 0.000837
0.360000 0.050511 0.000815
0.370000 0.050139 0.000811
0.380000 0.049838 0.000796
0.390000 0.049508 0.000792
0.400000 0.049193 0.000809
0.410000 0.048901 0.000802
0.420000 0.048628 0.000806
0.430000 0.048304 0.000771
0.440000 0.048090 0.000756
0.450000 0.047782 0.000761
0.460000 0.047552 0.000780
0.470000 0.047326 0.000785
0.480000 0.047075 0.000762
0.490000 0.046811 0.000740
0.500000 0.046585 0.000767
0.510000 0.046353 0.000766
0.520000 0.046183 0.000741
0.530000 0.045958 0.000770
0.540000 0.045780 0.000758
0.550000 0.045563 0.000747
0.560000 0.045380 0.000750
0.570000 0.045154 0.000737
0.580000 0.045026 0.000763
0.590000 0.044829 0.000741
0.600000 0.044666 0.000726
0.610000 0.044488 0.000731
0.620000 0.044311 0.000730
0.630000 0.044107 0.000729
0.640000 0.043960 0.000739
0.650000 0.043774 0.000732
0.660000 0.043647 0.000712
0.670000 0.043453 0.000698
0.680000 0.043251 0.000704
0.690000 0.043107 0.000679
0.700000 0.042916 0.000710
0.710000 0.042778 0.000697
0.720000 0.042619 0.000681
0.730000 0.042470 0.000685
0.740000 0.042318 0.000655
0.750000 0.042117 0.000679
0.760000 0.041947 0.000639
0.770000 0.041811 0.000668
0.780000 0.041651 0.000673
0.790000 0.041493 0.000632
0.800000 0.041323 0.000651
0.810000 0.041142 0.000641
0.820000 0.040995 0.000650
0.830000 0.040833 0.000627
0.840000 0.040693 0.000641
0.850000 0.040525 0.000628
0.860000 0.040373 0.000643
0.870000 0.040193 0.000625
0.880000 0.040070 0.000615
0.890000 0.039895 0.000613
0.900000 0.039753 0.000618
0.910000 0.039560 0.000597
0.920000 0.039391 0.000597
0.930000 0.039256 0.000607
0.940000 0.039067 0.000572
0.950000 0.038919 0.000584
0.960000 0.038768 0.000568
0.970000 0.038598 0.000588
0.980000 0.038428 0.000549
0.990000 0.038301 0.000570
1.000000 0.038153 0.000565
