0.000000 0.676390 0.225466
0.010000 0.677655 0.223371
0.020000 0.667716 0.235944
0.030000 0.677940 0.222198
0.040000 0.653636 0.251551
0.050000 0.660756 0.242847
0.060000 0.676122 0.222865
0.070000 0.687610 0.205511
0.080000 0.683425 0.210971
0.090000 0.662698 0.237715
0.100000 0.677855 0.217061
0.110000 0.674381 0.221032
0.120000 0.661836 0.236229
0.130000 0.676154 0.216516
0.140000 0.667354 0.227366
0.150000 0.674287 0.217196
0.160000 0.681094 0.206257
0.170000 0.679780 0.207193
0.180000 0.681378 0.203649
0.190000 0.671863 0.216415
0.200000 0.668292 0.220284
0.210000 0.670652 0.216025
0.220000 0.665643 0.221885
0.230000 0.673176 0.210413
0.240000 0.669654 0.214435
0.250000 0.663954 0.221322
0.260000 0.668577 0.214090
0.270000 0.682766 0.191603
0.280000 0.668241 0.212712
0.290000 0.658945 0.224501
0.300000 0.664313 0.216487
0.310000 0.665317 0.214307
0.320000 0.672282 0.203588
0.330000 0.668790 0.207751
0.340000 0.659644 0.219885
0.350000 0.657703 0.221666
0.360000 0.658086 0.220582
0.370000 0.674474 0.196181
0.380000 0.661691 0.214388
0.390000 0.656213 0.221164
0.400000 0.657295 0.219102
0.410000 0.662065 0.212005
0.420000 0.662452 0.210870
0.430000 0.667893 0.202259
0.440000 0.651604 0.224375
0.450000 0.674547 0.190692
0.460000 0.656087 0.217482
0.470000 0.652903 0.221247
0.480000 0.659159 0.212323
0.490000 0.656624 0.215212
0.500000 0.649797 0.223753
0.510000 0.655333 0.216013
0.520000 0.657300 0.212965
0.530000 0.649048 0.223495
0.540000 0.666965 0.198015
0.550000 0.654318 0.215678
0.560000 0.674401 0.185027
0.570000 0.670485 0.190923
0.580000 0.666675 0.196596
0.590000 0.672182 0.187236
0.600000 0.669084 0.191894
0.610000 0.666637 0.195246
0.620000 0.670028 0.189414
0.630000 0.663932 0.198435
0.640000 0.667343 0.192754
0.650000 0.672868 0.183185
0.660000 0.671973 0.184361
0.670000 0.667324 0.191389
0.680000 0.664193 0.195864
0.690000 0.661062 0.200190
0.700000 0.662244 0.197930
0.710000 0.658413 0.203250
0.720000 0.654606 0.208371
0.730000 0.663031 0.195521
0.740000 0.677219 0.171101
0.750000 0.661068 0.197579
0.760000 0.658683 0.200762
0.770000 0.672858 0.177413
0.780000 0.665405 0.189476
0.790000 0.665910 0.188250
0.800000 0.667088 0.185817
0.810000 0.670426 0.179662
0.820000 0.667294 0.184480
0.830000 0.662018 0.192557
0.840000 0.663241 0.190218
0.850000 0.667312 0.183082
0.860000 0.672052 0.174266
0.870000 0.668933 0.179262
0.880000 0.680216 0.157693
0.890000 0.669913 0.176636
0.900000 0.679706 0.157575
0.910000 0.670061 0.175217
0.920000 0.686994 0.140237
0.930000 0.676719 0.161686
0.940000 0.667109 0.178773
0.950000 0.679739 0.154299
0.960000 0.674486 0.164283
0.970000 0.681337 0.149617
0.980000 0.681061 0.149556
0.990000 0.680800 0.149499
1.000000 0.683420 0.143102
